N1,N2,
N2,N3,
N3,N4,
N4,N5,
N5,N6,
N6,N7,
N7,N8,
N8,N9,
N9,N10,
N10,N11,
N11,N12,
N12,N13,
N13,N14,
N14,N15,
N15,N16,
N16,N17,
N17,N18,
N18,N19,
N19,N20,
N20,N21,
N21,N22,
N22,N23,
N23,N24,
N24,N25,
N25,N26,
N26,N27,
N27,N28,
N28,N29,
N29,N30,
N30,N31,
N31,N32,
N32,N33,
N33,N34,
N34,N35,
N35,N36,
N36,N37,
N37,N38,
N38,N39,
N39,N40,
N40,N41,
N41,N42,
N42,N43,
N43,N44,
N44,N45,
N45,N46,
N46,N47,
N47,N48,
N48,N49,
N49,N50,
N50,N51,
N51,N52,
N52,N53,
N53,N54,
N54,N55,
N55,N56,
N56,N57,
N57,N58,
N58,N59,
N59,N60,
N60,N61,
N61,N62,
N62,N63,
N63,N64,
N64,N65,
N65,N66,
N66,N67,
N67,N68,
N68,N69,
N69,N70,
N70,N71,
N71,N72,
N72,N73,
N73,N74,
N74,N75,
N75,N76,
N76,N77,
N77,N78,
N78,N79,
N79,N80,
N80,N81,
N81,N82,
N82,N83,
N83,N84,
N84,N85,
N85,N86,
N86,N87,
N87,N88,
N88,N89,
N89,N90,
N90,N91,
N91,N92,
N92,N93,
N93,N94,
N94,N95,
N95,N96,
N96,N97,
N97,N98,
N98,N99,
N99,N100,
N100,N101,
N101,N102,
N102,N103,
N103,N104,
N104,N105,
N105,N106,
N106,N107,
N107,N108,
N108,N109,
N109,N110,
N110,N111,
N111,N112,
N112,N113,
N113,N114,
N114,N115,
N115,N116,
N116,N117,
N117,N118,
N118,N119,
N119,N120,
N120,N121,
N121,N122,
N122,N123,
N123,N124,
N124,N125,
N125,N126,
N126,N127,
N127,N128,
N128,N129,
N129,N130,
N130,N131,
N131,N132,
N132,N133,
N133,N134,
N134,N135,
N135,N136,
N136,N137,
N137,N138,
N138,N139,
N139,N140,
N140,N141,
N141,N142,
N142,N143,
N143,N144,
N144,N145,
N145,N146,
N146,N147,
N147,N148,
N148,N149,
N149,N150,
N150,N151,
N151,N152,
N152,N153,
N153,N154,
N154,N155,
N155,N156,
N156,N157,
N157,N158,
N158,N159,
N159,N160,
N160,N161,
N161,N162,
N162,N163,
N163,N164,
N164,N165,
N165,N166,
N166,N167,
N166,N168,
N168,N169,
N169,N170,
N170,N171,
N171,N172,
N172,N173,
N173,N174,
N174,N175,
N175,N176,
N176,N177,
N177,N178,
N178,N179,
N179,N180,
N180,N181,
N181,N182,
N182,N183,
N183,N184,
N184,N185,
N185,N186,
N186,N187,
N187,N188,
N188,N189,
N189,N190,
N190,N191,
N191,N192,
N192,N193,
N193,N194,
N194,N195,
N195,N196,
N194,N197,
N196,N198,
N193,N199,
N195,N200,
N1,,200
N2,,200;199
N3,,199;200;197
N4,,199;197;200;196
N5,,196;197;199;200;195
N6,,195;196;197;199;200;194
N7,,194;196;199;195;197;200;193
N8,,196;193;194;195;197;199;200;192
N9,,192;193;194;195;196;197;199;200;191
N10,,192;191;193;194;195;196;197;199;200;189
N11,,194;193;195;189;191;192;196;197;199;200;188
N12,,192;197;188;189;191;193;194;195;196;199;200;187
N13,,191;194;187;188;189;192;193;195;196;197;199;200;186
N14,,192;187;196;186;188;189;191;193;194;195;197;199;200;185
N15,,189;196;199;185;186;187;188;191;192;193;194;195;197;200;184
N16,,193;195;184;185;186;187;188;189;191;192;194;196;197;199;200;183
N17,,194;193;195;183;184;185;186;187;188;189;191;192;196;197;199;200;182
N18,,186;193;182;183;184;185;187;188;189;191;192;194;195;196;197;199;200;181
N19,,185;187;197;181;182;183;184;186;188;189;191;192;193;194;195;196;199;200;180
N20,,182;192;194;197;199;180;181;183;184;185;186;187;188;189;191;193;195;196;200;178
N21,,184;197;178;188;195;196;180;181;182;183;185;186;187;189;191;192;193;194;199;200;177
N22,,177;183;193;197;199;178;180;181;182;184;185;186;187;188;189;191;192;194;195;196;200;176
N23,,177;178;186;188;192;176;180;181;182;183;184;185;187;189;191;193;194;195;196;197;199;200;175
N24,,182;191;184;193;197;175;176;177;178;180;181;183;185;186;187;188;189;192;194;195;196;199;200;174
N25,,182;175;176;192;184;186;174;177;178;180;181;183;185;187;188;189;191;193;194;195;196;197;199;200;173
N26,,187;188;189;194;196;200;173;174;175;176;177;178;180;181;182;183;184;185;186;191;192;193;195;197;199;172
N27,,172;175;183;186;192;196;173;174;176;177;178;180;181;182;184;185;187;188;189;191;193;194;195;197;199;200;171
N28,,171;175;176;192;200;173;174;178;195;172;177;180;181;182;183;184;185;186;187;188;189;191;193;194;196;197;199;170
N29,,181;180;195;196;170;171;172;173;174;175;176;177;178;182;183;184;185;186;187;188;189;191;192;193;194;197;199;200;169
N30,,172;193;195;199;200;169;170;171;173;174;175;176;177;178;180;181;182;183;184;185;186;187;188;189;191;192;194;196;197;168
N31,,176;188;199;168;169;170;171;172;173;174;175;177;178;180;181;182;183;184;185;186;187;189;191;192;193;194;195;196;197;200;167
N32,,171;181;182;167;169;174;178;180;185;187;193;199;168;170;172;173;175;176;177;183;184;186;188;189;191;192;194;195;196;197;200;166
N33,,185;166;167;172;175;183;191;192;193;194;195;197;168;169;170;171;173;174;176;177;178;180;181;182;184;186;187;188;189;196;199;200;165
N34,,181;172;177;166;187;188;165;167;168;169;170;171;173;174;175;176;178;180;182;183;184;185;186;189;191;192;193;194;195;196;197;199;200;164
N35,,165;172;169;180;183;184;186;197;164;166;167;168;170;171;173;174;175;176;177;178;181;182;185;187;188;189;191;192;193;194;195;196;199;200;163
N36,,172;163;169;185;186;195;196;197;199;164;165;166;167;168;170;171;173;174;175;176;177;178;180;181;182;183;184;187;188;189;191;192;193;194;200;162
N37,,168;191;200;174;183;188;195;162;163;164;165;166;167;169;170;171;172;173;175;176;177;178;180;181;182;184;185;186;187;189;192;193;194;196;197;199;161
N38,,177;165;161;167;170;173;178;183;188;189;193;195;162;163;164;166;168;169;171;172;174;175;176;180;181;182;184;185;186;187;191;192;194;196;197;199;200;160
N39,,182;187;160;161;163;168;175;176;183;194;195;196;200;162;164;165;166;167;169;170;171;172;173;174;177;178;180;181;184;185;186;188;189;191;192;193;197;199;158
N40,,158;160;173;184;185;186;189;197;161;162;163;164;165;166;167;168;169;170;171;172;174;175;176;177;178;180;181;182;183;187;188;191;192;193;194;195;196;199;200;157
N41,,180;181;163;168;170;171;172;175;187;192;196;157;158;160;161;162;164;165;166;167;169;173;174;176;177;178;182;183;184;185;186;188;189;191;193;194;195;197;199;200;156
N42,,156;181;165;168;172;191;162;164;166;170;183;186;189;197;157;158;160;161;163;167;169;171;173;174;175;176;177;178;180;182;184;185;187;188;192;193;194;195;196;199;200;155
N43,,182;171;172;194;157;180;184;155;156;158;160;161;162;163;164;165;166;167;168;169;170;173;174;175;176;177;178;181;183;185;186;187;188;189;191;192;193;195;196;197;199;200;154
N44,,158;165;171;176;192;170;173;185;154;155;156;157;160;161;162;163;164;166;167;168;169;172;174;175;177;178;180;181;182;183;184;186;187;188;189;191;193;194;195;196;197;199;200;153
N45,,185;166;177;181;182;153;157;163;165;171;175;180;188;189;191;193;199;154;155;156;158;160;161;162;164;167;168;169;170;172;173;174;176;178;183;184;186;187;192;194;195;196;197;200;152
N46,,184;187;153;157;158;160;171;180;192;195;196;152;154;155;156;161;162;163;164;165;166;167;168;169;170;172;173;174;175;176;177;178;181;182;183;185;186;188;189;191;193;194;197;199;200;151
N47,,164;162;151;152;160;172;176;191;192;153;154;155;156;157;158;161;163;165;166;167;168;169;170;171;173;174;175;177;178;180;181;182;183;184;185;186;187;188;189;193;194;195;196;197;199;200;150
N48,,156;151;168;154;157;166;167;170;185;188;150;152;153;155;158;160;161;162;163;164;165;169;171;172;173;174;175;176;177;178;180;181;182;183;184;186;187;189;191;192;193;194;195;196;197;199;200;149
N49,,166;182;187;152;157;170;175;188;149;150;151;153;154;155;156;158;160;161;162;163;164;165;167;168;169;171;172;173;174;176;177;178;180;181;183;184;185;186;189;191;192;193;194;195;196;197;199;200;148
N50,,166;154;158;171;196;148;149;150;151;152;153;155;156;157;160;161;162;163;164;165;167;168;169;170;172;173;174;175;176;177;178;180;181;182;183;184;185;186;187;188;189;191;192;193;194;195;197;199;200;147
N51,,177;165;171;191;192;153;170;178;188;193;147;148;149;150;151;152;154;155;156;157;158;160;161;162;163;164;166;167;168;169;172;173;174;175;176;180;181;182;183;184;185;186;187;189;194;195;196;197;199;200;146
N52,,162;169;177;146;148;152;161;165;171;174;191;192;195;197;199;147;149;150;151;153;154;155;156;157;158;160;163;164;166;167;168;170;172;173;175;176;178;180;181;182;183;184;185;186;187;188;189;193;194;196;200;145
N53,,156;182;145;147;151;152;165;175;200;155;157;161;162;163;167;188;189;193;195;146;148;149;150;153;154;158;160;164;166;168;169;170;171;172;173;174;176;177;178;180;181;183;184;185;186;187;191;192;194;196;197;199;144
N54,,156;177;145;148;150;176;149;154;157;161;164;180;183;188;189;144;146;147;151;152;153;155;158;160;162;163;165;166;167;168;169;170;171;172;173;174;175;178;181;182;184;185;186;187;191;192;193;194;195;196;197;199;200;142
N55,,156;181;165;171;149;154;164;173;184;199;142;144;145;146;147;148;150;151;152;153;155;157;158;160;161;162;163;166;167;168;169;170;172;174;175;176;177;178;180;182;183;185;186;187;188;189;191;192;193;194;195;196;197;200;141
N56,,158;191;155;157;161;167;169;184;189;195;141;142;144;145;146;147;148;149;150;151;152;153;154;156;160;162;163;164;165;166;168;170;171;172;173;174;175;176;177;178;180;181;182;183;185;186;187;188;192;193;194;196;197;199;200;140
N57,,145;200;141;153;167;170;173;174;186;196;140;142;144;146;147;148;149;150;151;152;154;155;156;157;158;160;161;162;163;164;165;166;168;169;171;172;175;176;177;178;180;181;182;183;184;185;187;188;189;191;192;193;194;195;197;199;139
N58,,171;194;147;151;168;139;162;167;174;185;186;187;188;193;140;141;142;144;145;146;148;149;150;152;153;154;155;156;157;158;160;161;163;164;165;166;169;170;172;173;175;176;177;178;180;181;182;183;184;189;191;192;195;196;197;199;200;138
N59,,171;150;176;177;149;154;160;162;164;166;174;187;199;138;139;140;141;142;144;145;146;147;148;151;152;153;155;156;157;158;161;163;165;167;168;169;170;172;173;175;178;180;181;182;183;184;185;186;188;189;191;192;193;194;195;196;197;200;136
N60,,150;172;176;200;140;141;142;144;155;162;163;164;166;174;178;193;197;136;138;139;145;146;147;148;149;151;152;153;154;156;157;158;160;161;165;167;168;169;170;171;173;175;177;180;181;182;183;184;185;186;187;188;189;191;192;194;195;196;199;135
N61,,169;177;139;148;150;151;153;154;157;161;167;170;173;178;183;186;191;200;135;136;138;140;141;142;144;145;146;147;149;152;155;156;158;160;162;163;164;165;166;168;171;172;174;175;176;180;181;182;184;185;187;188;189;192;193;194;195;196;197;199;133
N62,,197;156;184;158;163;189;135;138;139;145;146;147;150;151;157;160;165;170;178;183;187;192;196;133;136;140;141;142;144;148;149;152;153;154;155;161;162;164;166;167;168;169;171;172;173;174;175;176;177;180;181;182;185;186;188;191;193;194;195;199;200;132
N63,,168;191;200;138;146;149;164;169;170;173;178;184;186;189;196;132;133;135;136;139;140;141;142;144;145;147;148;150;151;152;153;154;155;156;157;158;160;161;162;163;165;166;167;171;172;174;175;176;177;180;181;182;183;185;187;188;192;193;194;195;197;199;131
N64,,132;133;148;152;165;171;176;131;135;136;138;149;160;163;164;173;184;186;187;195;196;139;140;141;142;144;145;146;147;150;151;153;154;155;156;157;158;161;162;166;167;168;169;170;172;174;175;177;178;180;181;182;183;185;188;189;191;192;193;194;197;199;200;130
N65,,182;133;145;165;176;191;131;136;146;153;154;162;164;170;186;130;132;135;138;139;140;141;142;144;147;148;149;150;151;152;155;156;157;158;160;161;163;166;167;168;169;171;172;173;174;175;177;178;180;181;183;184;185;187;188;189;192;193;194;195;196;197;199;200;129
N66,,132;177;145;147;151;165;176;129;141;142;144;155;167;169;174;178;180;184;189;193;196;130;131;133;135;136;138;139;140;146;148;149;150;152;153;154;156;157;158;160;161;162;163;164;166;168;170;171;172;173;175;181;182;183;185;186;187;188;191;192;194;195;197;199;200;128
N67,,181;177;133;147;194;128;129;141;153;155;160;174;178;196;130;131;132;135;136;138;139;140;142;144;145;146;148;149;150;151;152;154;156;157;158;161;162;163;164;165;166;167;168;169;170;171;172;173;175;176;180;182;183;184;185;186;187;188;189;191;192;193;195;197;199;200;127
N68,,156;181;133;147;175;135;139;157;161;169;186;188;193;195;127;128;129;130;131;132;136;138;140;141;142;144;145;146;148;149;150;151;152;153;154;155;158;160;162;163;164;165;166;167;168;170;171;172;173;174;176;177;178;180;182;183;184;185;187;189;191;192;194;196;197;199;200;126
N69,,156;194;132;151;165;175;182;126;138;140;146;157;173;180;184;185;188;189;127;128;129;130;131;133;135;136;139;141;142;144;145;147;148;149;150;152;153;154;155;158;160;161;162;163;164;166;167;168;169;170;171;172;174;176;177;178;181;183;186;187;191;192;193;195;196;197;199;200;125
N70,,177;158;168;125;127;138;144;146;149;153;169;170;193;195;126;128;129;130;131;132;133;135;136;139;140;141;142;145;147;148;150;151;152;154;155;156;157;160;161;162;163;164;165;166;167;171;172;173;174;175;176;178;180;181;182;183;184;185;186;187;188;189;191;192;194;196;197;199;200;124
N71,,142;158;171;125;138;144;146;148;157;165;168;176;180;183;193;196;199;200;124;126;127;128;129;130;131;132;133;135;136;139;140;141;145;147;149;150;151;152;153;154;155;156;160;161;162;163;164;166;167;169;170;172;173;174;175;177;178;181;182;184;185;186;187;188;189;191;192;194;195;197;123
N72,,181;182;168;171;175;191;192;131;144;146;167;169;170;180;184;197;123;124;125;126;127;128;129;130;132;133;135;136;138;139;140;141;142;145;147;148;149;150;151;152;153;154;155;156;157;158;160;161;162;163;164;165;166;172;173;174;176;177;178;183;185;186;187;188;189;193;194;195;196;199;200;122
N73,,177;182;175;125;129;131;144;166;183;184;188;122;123;124;126;127;128;130;132;133;135;136;138;139;140;141;142;145;146;147;148;149;150;151;152;153;154;155;156;157;158;160;161;162;163;164;165;167;168;169;170;171;172;173;174;176;178;180;181;185;186;187;189;191;192;193;194;195;196;197;199;200;121
N74,,181;177;182;133;158;171;194;200;122;135;136;138;140;157;173;174;184;185;186;188;196;199;121;123;124;125;126;127;128;129;130;131;132;139;141;142;144;145;146;147;148;149;150;151;152;153;154;155;156;160;161;162;163;164;165;166;167;168;169;170;172;175;176;178;180;183;187;189;191;192;193;195;197;120
N75,,158;194;123;132;145;151;175;192;121;124;126;135;157;170;173;178;180;185;189;195;120;122;125;127;128;129;130;131;133;136;138;139;140;141;142;144;146;147;148;149;150;152;153;154;155;156;160;161;162;163;164;165;166;167;168;169;171;172;174;176;177;181;182;183;184;186;187;188;191;193;196;197;199;200;118
N76,,194;123;176;182;127;140;141;154;169;180;184;188;195;197;118;120;121;122;124;125;126;128;129;130;131;132;133;135;136;138;139;142;144;145;146;147;148;149;150;151;152;153;155;156;157;158;160;161;162;163;164;165;166;167;168;170;171;172;173;174;175;177;178;181;183;185;186;187;189;191;192;193;196;199;200;116
N77,,182;171;176;194;124;135;136;138;146;173;183;184;189;195;199;116;118;120;121;122;123;125;126;127;128;129;130;131;132;133;139;140;141;142;144;145;147;148;149;150;151;152;153;154;155;156;157;158;160;161;162;163;164;165;166;167;168;169;170;172;174;175;177;178;180;181;185;186;187;188;191;192;193;196;197;200;115
N78,,123;148;171;115;126;128;139;146;153;160;161;162;174;178;193;197;199;116;118;120;121;122;124;125;127;129;130;131;132;133;135;136;138;140;141;142;144;145;147;149;150;151;152;154;155;156;157;158;163;164;165;166;167;168;169;170;172;173;175;176;177;180;181;182;183;184;185;186;187;188;189;191;192;194;195;196;200;114
N79,,182;145;158;171;172;192;120;121;122;130;131;153;164;166;169;185;187;196;197;114;115;116;118;123;124;125;126;127;128;129;132;133;135;136;138;139;140;141;142;144;146;147;148;149;150;151;152;154;155;156;157;160;161;162;163;165;167;168;170;173;174;175;176;177;178;180;181;183;184;186;188;189;191;193;194;195;199;200;113
N80,,123;177;181;133;165;171;192;194;113;116;135;142;146;149;153;154;155;162;164;167;169;185;187;199;114;115;118;120;121;122;124;125;126;127;128;129;130;131;132;136;138;139;140;141;144;145;147;148;150;151;152;156;157;158;160;161;163;166;168;170;172;173;174;175;176;178;180;182;183;184;186;188;189;191;193;195;196;197;200;112
N81,,177;165;192;122;126;128;131;139;146;166;178;196;112;113;114;115;116;118;120;121;123;124;125;127;129;130;132;133;135;136;138;140;141;142;144;145;147;148;149;150;151;152;153;154;155;156;157;158;160;161;162;163;164;167;168;169;170;171;172;173;174;175;176;180;181;182;183;184;185;186;187;188;189;191;193;194;195;197;199;200;111
N82,,171;151;172;177;182;200;114;115;121;126;138;139;140;144;153;160;161;173;174;178;197;111;112;113;116;118;120;122;123;124;125;127;128;129;130;131;132;133;135;136;141;142;145;146;147;148;149;150;152;154;155;156;157;158;162;163;164;165;166;167;168;169;170;175;176;180;181;183;184;185;186;187;188;189;191;192;193;194;195;196;199;110
N83,,184;185;110;116;182;113;115;122;128;133;140;147;148;150;151;157;158;165;168;170;174;191;199;111;112;114;118;120;121;123;124;125;126;127;129;130;131;132;135;136;138;139;141;142;144;145;146;149;152;153;154;155;156;160;161;162;163;164;166;167;169;171;172;173;175;176;177;178;180;181;183;186;187;188;189;192;193;194;195;196;197;200;109
N84,,122;125;128;144;193;200;112;135;138;142;146;149;151;155;160;162;171;174;177;192;109;110;111;113;114;115;116;118;120;121;123;124;126;127;129;130;131;132;133;136;139;140;141;145;147;148;150;152;153;154;156;157;158;161;163;164;165;166;167;168;169;170;172;173;175;176;178;180;181;182;183;184;185;186;187;188;189;191;194;195;196;197;199;108
N85,,123;132;109;152;171;172;175;192;112;114;124;126;127;128;138;139;142;153;155;166;169;180;184;185;188;193;199;108;110;111;113;115;116;118;120;121;122;125;129;130;131;133;135;136;140;141;144;145;146;147;148;149;150;151;154;156;157;158;160;161;162;163;164;165;167;168;170;173;174;176;177;178;181;182;183;186;187;189;191;194;195;196;197;200;107
N86,,156;164;138;177;181;182;109;133;135;139;148;152;157;175;176;191;199;107;108;110;111;112;113;114;115;116;118;120;121;122;123;124;125;126;127;128;129;130;131;132;136;140;141;142;144;145;146;147;149;150;151;153;154;155;158;160;161;162;163;165;166;167;168;169;170;171;172;173;174;178;180;183;184;185;186;187;188;189;192;193;194;195;196;197;200;106
N87,,123;177;145;151;172;175;194;112;122;127;130;135;139;142;144;161;162;169;180;186;187;189;195;196;106;107;108;109;110;111;113;114;115;116;118;120;121;124;125;126;128;129;131;132;133;136;138;140;141;146;147;148;149;150;152;153;154;155;156;157;158;160;163;164;165;166;167;168;170;171;173;174;176;178;181;182;183;184;185;188;191;192;193;197;199;200;105
N88,,108;106;145;152;158;165;168;176;200;110;111;116;121;127;128;129;138;142;154;157;164;167;178;180;197;199;105;107;109;112;113;114;115;118;120;122;123;124;125;126;130;131;132;133;135;136;139;140;141;144;146;147;148;149;150;151;153;155;156;160;161;162;163;166;169;170;171;172;173;174;175;177;181;182;183;184;185;186;187;188;189;191;192;193;194;195;196;104
N89,,106;145;148;172;175;105;114;120;124;126;127;136;138;140;160;169;174;178;193;104;107;108;109;110;111;112;113;115;116;118;121;122;123;125;128;129;130;131;132;133;135;139;141;142;144;146;147;149;150;151;152;153;154;155;156;157;158;161;162;163;164;165;166;167;168;170;171;173;176;177;180;181;182;183;184;185;186;187;188;189;191;192;194;195;196;197;199;200;103
N90,,177;133;147;152;168;171;172;113;114;116;120;121;128;135;141;142;144;146;167;173;174;184;185;193;103;104;105;106;107;108;109;110;111;112;115;118;122;123;124;125;126;127;129;130;131;132;136;138;139;140;145;148;149;150;151;153;154;155;156;157;158;160;161;162;163;164;165;166;169;170;175;176;178;180;181;182;183;186;187;188;189;191;192;194;195;196;197;199;200;102
N91,,133;150;168;171;194;104;127;128;153;154;155;157;164;170;174;185;197;102;103;105;106;107;108;109;110;111;112;113;114;115;116;118;120;121;122;123;124;125;126;129;130;131;132;135;136;138;139;140;141;142;144;145;146;147;148;149;151;152;156;158;160;161;162;163;165;166;167;169;172;173;175;176;177;178;180;181;182;183;184;186;187;188;189;191;192;193;195;196;199;200;101
N92,,116;118;162;164;169;104;106;107;120;126;131;139;144;146;149;154;158;165;170;171;174;175;176;186;189;101;102;103;105;108;109;110;111;112;113;114;115;121;122;123;124;125;127;128;129;130;132;133;135;136;138;140;141;142;145;147;148;150;151;152;153;155;156;157;160;161;163;166;167;168;172;173;177;178;180;181;182;183;184;185;187;188;191;192;193;194;195;196;197;199;200;99
N93,,108;123;133;145;171;172;175;176;191;192;102;107;111;112;114;124;130;139;141;142;146;149;153;154;157;170;174;178;183;185;99;101;103;104;105;106;109;110;113;115;116;118;120;121;122;125;126;127;128;129;131;132;135;136;138;140;144;147;148;150;151;152;155;156;158;160;161;162;163;164;165;166;167;168;169;173;177;180;181;182;184;186;187;188;189;193;194;195;196;197;199;200;98
N94,,110;169;99;102;104;105;109;126;128;131;135;144;147;149;155;173;175;178;186;192;193;199;98;101;103;106;107;108;111;112;113;114;115;116;118;120;121;122;123;124;125;127;129;130;132;133;136;138;139;140;141;142;145;146;148;150;151;152;153;154;156;157;158;160;161;162;163;164;165;166;167;168;170;171;172;174;176;177;180;181;182;183;184;185;187;188;189;191;194;195;196;197;200;97
N95,,156;123;181;152;200;98;101;104;120;129;130;136;140;146;154;155;162;178;180;97;99;102;103;105;106;107;108;109;110;111;112;113;114;115;116;118;121;122;124;125;126;127;128;131;132;133;135;138;139;141;142;144;145;147;148;149;150;151;153;157;158;160;161;163;164;165;166;167;168;169;170;171;172;173;174;175;176;177;182;183;184;185;186;187;188;189;191;192;193;194;195;196;197;199;96
N96,,156;118;125;162;166;169;182;98;106;113;114;126;128;131;139;140;142;145;147;151;157;163;165;172;175;176;178;188;197;96;97;99;101;102;103;104;105;107;108;109;110;111;112;115;116;120;121;122;123;124;127;129;130;132;133;135;136;138;141;144;146;148;149;150;152;153;154;155;158;160;161;164;167;168;170;171;173;174;177;180;181;183;184;185;186;187;189;191;192;193;194;195;196;199;200;95
N97,,156;97;145;148;165;98;104;112;120;121;122;128;138;149;157;162;164;167;183;184;195;197;95;96;99;101;102;103;105;106;107;108;109;110;111;113;114;115;116;118;123;124;125;126;127;129;130;131;132;133;135;136;139;140;141;142;144;146;147;150;151;152;153;154;155;158;160;161;163;166;168;169;170;171;172;173;174;175;176;177;178;180;181;182;185;186;187;188;189;191;192;193;194;196;199;200;94
N98,,156;132;181;99;133;172;191;107;113;126;141;142;149;154;161;163;167;185;195;94;95;96;97;98;101;102;103;104;105;106;108;109;110;111;112;114;115;116;118;120;121;122;123;124;125;127;128;129;130;131;135;136;138;139;140;144;145;146;147;148;150;151;152;153;155;157;158;160;162;164;165;166;168;169;170;171;173;174;175;176;177;178;180;182;183;184;186;187;188;189;192;193;194;196;197;199;200;93
N99,,191;123;158;95;106;145;171;192;194;94;105;107;114;118;120;126;131;139;141;142;163;164;170;174;93;96;97;98;99;101;102;103;104;108;109;110;111;112;113;115;116;121;122;124;125;127;128;129;130;132;133;135;136;138;140;144;146;147;148;149;150;151;152;153;154;155;156;157;160;161;162;165;166;167;168;169;172;173;175;176;177;178;180;181;182;183;184;185;186;187;188;189;193;195;196;197;199;200;92
N100,,147;148;151;158;168;191;93;94;98;102;111;114;128;129;154;155;160;163;178;180;185;188;193;199;92;95;96;97;99;101;103;104;105;106;107;108;109;110;112;113;115;116;118;120;121;122;123;124;125;126;127;130;131;132;133;135;136;138;139;140;141;142;144;145;146;149;150;152;153;156;157;161;162;164;165;166;167;169;170;171;172;173;174;175;176;177;181;182;183;184;186;187;189;192;194;195;196;197;200;91
N101,,151;172;191;98;101;102;112;114;116;122;131;136;183;188;195;196;91;92;93;94;95;96;97;99;103;104;105;106;107;108;109;110;111;113;115;118;120;121;123;124;125;126;127;128;129;130;132;133;135;138;139;140;141;142;144;145;146;147;148;149;150;152;153;154;155;156;157;158;160;161;162;163;164;165;166;167;168;169;170;171;173;174;175;176;177;178;180;181;182;184;185;186;187;189;192;193;194;197;199;200;90
N102,,133;171;132;150;151;152;168;181;90;92;93;94;101;105;107;115;118;120;126;136;144;149;178;180;183;197;199;91;95;96;97;98;99;102;103;104;106;108;109;110;111;112;113;114;116;121;122;123;124;125;127;128;129;130;131;135;138;139;140;141;142;145;146;147;148;153;154;155;156;157;158;160;161;162;163;164;165;166;167;169;170;172;173;174;175;176;177;182;184;185;186;187;188;189;191;192;193;194;195;196;200;88
N103,,97;106;151;165;168;172;88;93;96;101;110;116;120;131;146;154;163;169;178;186;196;90;91;92;94;95;98;99;102;103;104;105;107;108;109;111;112;113;114;115;118;121;122;123;124;125;126;127;128;129;130;132;133;135;136;138;139;140;141;142;144;145;147;148;149;150;152;153;155;156;157;158;160;161;162;164;166;167;170;171;173;174;175;176;177;180;181;182;183;184;185;187;188;189;191;192;193;194;195;197;199;200;87
N104,,99;194;109;200;88;93;98;115;124;126;127;144;155;164;169;187;87;90;91;92;94;95;96;97;101;102;103;104;105;106;107;108;110;111;112;113;114;116;118;120;121;122;123;125;128;129;130;131;132;133;135;136;138;139;140;141;142;145;146;147;148;149;150;151;152;153;154;156;157;158;160;161;162;163;165;166;167;168;170;171;172;173;174;175;176;177;178;180;181;182;183;184;185;186;188;189;191;192;193;195;196;197;199;86
N105,,177;182;106;133;147;152;192;194;94;96;105;113;124;130;140;144;154;160;170;196;86;87;88;90;91;92;93;95;97;98;99;101;102;103;104;107;108;109;110;111;112;114;115;116;118;120;121;122;123;125;126;127;128;129;131;132;135;136;138;139;141;142;145;146;148;149;150;151;153;155;156;157;158;161;162;163;164;165;166;167;168;169;171;172;173;174;175;176;178;180;181;183;184;185;186;187;188;189;191;193;195;197;199;200;85
N106,,98;142;163;94;97;102;110;111;123;130;138;144;145;148;151;160;162;168;176;181;183;186;187;193;195;200;85;86;87;88;90;91;92;93;95;96;99;101;103;104;105;106;107;108;109;112;113;114;115;116;118;120;121;122;124;125;126;127;128;129;131;132;133;135;136;139;140;141;146;147;149;150;152;153;154;155;156;157;158;161;164;165;166;167;169;170;171;172;173;174;175;177;178;180;182;184;185;188;189;191;192;194;196;197;199;84
N107,,191;108;92;98;104;107;115;173;87;90;93;94;95;122;123;128;157;166;169;170;174;175;177;186;187;192;199;84;85;86;88;91;96;97;99;101;102;103;105;106;109;110;111;112;113;114;116;118;120;121;124;125;126;127;129;130;131;132;133;135;136;138;139;140;141;142;144;145;146;147;148;149;150;151;152;153;154;155;156;158;160;161;162;163;164;165;167;168;171;172;176;178;180;181;182;183;184;185;188;189;193;194;195;196;197;200;83
N108,,156;182;95;148;158;168;175;176;102;104;118;121;124;127;141;146;149;170;174;180;183;184;189;193;83;84;85;86;87;88;90;91;92;93;94;96;97;98;99;101;103;105;106;107;108;109;110;111;112;113;114;115;116;120;122;123;125;126;128;129;130;131;132;133;135;136;138;139;140;142;144;145;147;150;151;152;153;154;155;157;160;161;162;163;164;165;166;167;169;171;172;173;177;178;181;185;186;187;188;191;192;194;195;196;197;199;200;82
N109,,132;83;88;156;184;90;93;101;111;113;126;127;129;140;141;142;146;147;154;157;161;163;167;180;193;197;199;200;82;84;85;86;87;91;92;94;95;96;97;98;99;102;103;104;105;106;107;108;109;110;112;114;115;116;118;120;121;122;123;124;125;128;130;131;133;135;136;138;139;144;145;148;149;150;151;152;153;155;158;160;162;164;165;166;168;169;170;171;172;173;174;175;176;177;178;181;182;183;185;186;187;188;189;191;192;194;195;196;81
N110,,132;108;83;103;116;156;169;82;96;99;115;122;127;130;144;146;149;150;186;191;192;196;81;84;85;86;87;88;90;91;92;93;94;95;97;98;101;102;104;105;106;107;109;110;111;112;113;114;118;120;121;123;124;125;126;128;129;131;133;135;136;138;139;140;141;142;145;147;148;151;152;153;154;155;157;158;160;161;162;163;164;165;166;167;168;170;171;172;173;174;175;176;177;178;180;181;182;183;184;185;187;188;189;193;194;195;197;199;200;80
N111,,108;84;150;175;200;87;98;101;105;110;112;116;124;140;144;155;160;163;169;178;185;186;188;189;196;80;81;82;83;85;86;88;90;91;92;93;94;95;96;97;99;102;103;104;106;107;109;111;113;114;115;118;120;121;122;123;125;126;127;128;129;130;131;132;133;135;136;138;139;141;142;145;146;147;148;149;151;152;153;154;156;157;158;161;162;164;165;166;167;168;170;171;172;173;174;176;177;180;181;182;183;184;187;191;192;193;194;195;197;199;79
N112,,108;156;123;177;171;191;194;79;85;86;87;90;91;96;104;105;111;112;115;118;122;128;136;139;140;155;161;166;174;187;188;189;193;196;80;81;82;83;84;88;92;93;94;95;97;98;99;101;102;103;106;107;109;110;113;114;116;120;121;124;125;126;127;129;130;131;132;133;135;138;141;142;144;145;146;147;148;149;150;151;152;153;154;157;158;160;162;163;164;165;167;168;169;170;172;173;175;176;178;180;181;182;183;184;185;186;192;195;197;199;200;76
N113,,123;132;182;81;109;145;147;152;158;165;168;171;175;176;192;88;90;91;92;94;104;107;122;126;130;131;140;144;146;154;161;163;164;166;167;173;183;188;196;76;79;80;82;83;84;85;86;87;93;95;96;97;98;99;101;102;103;105;106;108;110;111;112;113;114;115;116;118;120;121;124;125;127;128;129;133;135;136;138;139;141;142;148;149;150;151;153;155;156;157;160;162;169;170;172;174;177;178;180;181;184;185;186;187;189;191;193;194;195;197;199;200;75
N114,,108;80;171;84;97;106;109;175;176;200;82;94;102;104;105;110;114;116;121;136;146;170;180;183;184;193;195;75;76;79;81;83;85;86;87;88;90;91;92;93;95;96;98;99;101;103;107;111;112;113;115;118;120;122;123;124;125;126;127;128;129;130;131;132;133;135;138;139;140;141;142;144;145;147;148;149;150;151;152;153;154;155;156;157;158;160;161;162;163;164;165;166;167;168;169;172;173;174;177;178;181;182;185;186;187;188;189;191;192;194;196;197;199;74
N115,,108;112;185;79;92;98;120;164;194;96;101;102;105;109;110;111;122;124;144;145;154;167;169;174;181;182;74;75;76;80;81;82;83;84;85;86;87;88;90;91;93;94;95;97;99;103;104;106;107;113;114;115;116;118;121;123;125;126;127;128;129;130;131;132;133;135;136;138;139;140;141;142;146;147;148;149;150;151;152;153;155;156;157;158;160;161;162;163;165;166;168;170;171;172;173;175;176;177;178;180;183;184;186;187;188;189;191;192;193;195;196;197;199;200;73
N116,,191;112;185;79;81;115;133;156;173;194;197;75;85;97;109;118;124;131;136;139;140;149;154;160;177;181;199;73;74;76;80;82;83;84;86;87;88;90;91;92;93;94;95;96;98;99;101;102;103;104;105;106;107;108;110;111;113;114;116;120;121;122;123;125;126;127;128;129;130;132;135;138;141;142;144;145;146;147;148;150;151;152;153;155;157;158;161;162;163;164;165;166;167;168;169;170;171;172;174;175;176;178;180;182;183;184;186;187;188;189;192;193;195;196;200;71
N117,,132;73;177;182;80;81;95;106;133;145;147;151;158;168;192;79;88;90;92;93;94;98;101;110;113;120;124;125;128;139;144;149;154;160;164;166;173;174;183;186;187;193;195;197;199;71;74;75;76;82;83;84;85;86;87;91;96;97;99;102;103;104;105;107;108;109;111;112;114;115;116;118;121;122;123;126;127;129;130;131;135;136;138;140;141;142;146;148;150;152;153;155;156;157;161;162;163;165;167;169;170;171;172;175;176;178;180;181;184;185;188;189;191;194;196;200;69
N118,,181;81;147;150;165;168;192;200;69;85;91;93;104;105;110;111;112;116;118;125;130;149;153;161;185;186;189;71;73;74;75;76;79;80;82;83;84;86;87;88;90;92;94;95;96;97;98;99;101;102;103;106;107;108;109;113;114;115;120;121;122;123;124;126;127;128;129;131;132;133;135;136;138;139;140;141;142;144;145;146;148;151;152;154;155;156;157;158;160;162;163;164;166;167;169;170;171;172;173;174;175;176;177;178;180;182;183;184;187;188;191;193;194;195;196;197;199;68
N119,,84;108;181;147;165;168;172;191;86;87;91;92;98;101;103;104;110;127;140;141;144;157;163;169;173;178;180;185;188;196;68;69;71;73;74;75;76;79;80;81;82;83;85;88;90;93;94;95;96;97;99;102;105;106;107;109;111;112;113;114;115;116;118;120;121;122;123;124;125;126;128;129;130;131;132;133;135;136;138;139;142;145;146;148;149;150;151;152;153;154;155;156;158;160;161;162;164;166;167;170;171;174;175;176;177;182;183;184;186;187;189;192;193;194;195;197;199;200;66
N120,,108;185;92;164;88;116;123;136;138;166;169;181;182;66;79;91;96;97;99;105;112;120;127;129;152;153;155;158;173;196;199;68;69;71;73;74;75;76;80;81;82;83;84;85;86;87;90;93;94;95;98;101;102;103;104;106;107;109;110;111;113;114;115;118;121;122;124;125;126;128;130;131;132;133;135;139;140;141;142;144;145;146;147;148;149;150;151;154;156;157;160;161;162;163;165;167;168;170;171;172;174;175;176;177;178;180;183;184;186;187;188;189;191;192;193;194;195;197;200;64
N121,,83;84;123;181;64;106;145;152;165;194;66;91;93;96;121;130;136;139;162;166;170;174;185;186;193;196;68;69;71;73;74;75;76;79;80;81;82;85;86;87;88;90;92;94;95;97;98;99;101;102;103;104;105;107;108;109;110;111;112;113;114;115;116;118;120;122;124;125;126;127;128;129;131;132;133;135;138;140;141;142;144;146;147;148;149;150;151;153;154;155;156;157;158;160;161;163;164;167;168;169;171;172;173;175;176;177;178;180;182;183;184;187;188;189;191;192;195;197;199;200;63
N122,,132;108;123;73;97;133;151;171;172;191;200;63;75;82;85;92;101;115;118;129;130;136;138;157;161;166;173;180;185;186;187;64;66;68;69;71;74;76;79;80;81;83;84;86;87;88;90;91;93;94;95;96;98;99;102;103;104;105;106;107;109;110;111;112;113;114;116;120;121;122;124;125;126;127;128;131;135;139;140;141;142;144;145;146;147;148;149;150;152;153;154;155;156;158;160;162;163;164;165;167;168;169;170;174;175;176;177;178;181;182;183;184;188;189;192;193;194;195;196;197;199;61
N123,,156;71;84;177;181;182;80;109;150;171;79;82;103;104;111;116;125;144;146;153;154;155;161;164;166;178;183;61;63;64;66;68;69;73;74;75;76;81;83;85;86;87;88;90;91;92;93;94;95;96;97;98;99;101;102;105;106;107;108;110;112;113;114;115;118;120;121;122;123;124;126;127;128;129;130;131;132;133;135;136;138;139;140;141;142;145;147;148;149;151;152;157;158;160;162;163;165;167;168;169;170;172;173;174;175;176;180;184;185;186;187;188;189;191;192;193;194;195;196;197;199;200;60
N124,,156;123;182;95;147;168;176;192;194;61;79;88;91;92;105;113;114;115;121;126;129;138;139;141;144;146;160;161;164;174;180;183;184;197;60;63;64;66;68;69;71;73;74;75;76;80;81;82;83;84;85;86;87;90;93;94;96;97;98;99;101;102;103;104;106;107;108;109;110;111;112;116;118;120;122;124;125;127;128;130;131;132;133;135;136;140;142;145;148;149;150;151;152;153;154;155;157;158;162;163;165;166;167;169;170;171;172;173;175;177;178;181;185;186;187;188;189;191;193;195;196;199;200;59
N125,,73;83;123;145;150;172;60;63;75;93;105;113;121;129;131;136;138;155;162;163;164;169;170;173;180;183;184;185;187;189;199;59;61;64;66;68;69;71;74;76;79;80;81;82;84;85;86;87;88;90;91;92;94;95;96;97;98;99;101;102;103;104;106;107;108;109;110;111;112;114;115;116;118;120;122;124;125;126;127;128;130;132;133;135;139;140;141;142;144;146;147;148;149;151;152;153;154;156;157;158;160;161;165;166;167;168;171;174;175;176;177;178;181;182;186;188;191;192;193;194;195;196;197;200;58
N126,,191;81;99;64;71;123;152;168;176;177;181;182;58;60;61;63;74;76;79;82;91;103;114;116;120;121;129;144;153;154;155;157;163;166;169;174;195;197;59;66;68;69;73;75;80;83;84;85;86;87;88;90;92;93;94;95;96;97;98;101;102;104;105;106;107;108;109;110;111;112;113;115;118;122;124;125;126;127;128;130;131;132;133;135;136;138;139;140;141;142;145;146;147;148;149;150;151;156;158;160;161;162;164;165;167;170;171;172;173;175;178;180;183;184;185;186;187;188;189;192;193;194;196;199;200;56
N127,,132;109;123;133;145;158;165;181;66;68;75;76;96;101;103;105;107;111;114;115;129;131;139;162;164;178;183;189;56;58;59;60;61;63;64;69;71;73;74;79;80;81;82;83;84;85;86;87;88;90;91;92;93;94;95;97;98;99;102;104;106;108;110;112;113;116;118;120;121;122;124;125;126;127;128;130;135;136;138;140;141;142;144;146;147;148;149;150;151;152;153;154;155;156;157;160;161;163;166;167;168;169;170;171;172;173;174;175;176;177;180;182;184;185;186;187;188;191;192;193;194;195;196;197;199;200;53
N128,,156;99;108;194;84;152;192;58;61;74;75;87;98;101;110;118;131;138;141;149;153;163;173;184;187;188;197;53;56;59;60;63;64;66;68;69;71;73;76;79;80;81;82;83;85;86;88;90;91;92;93;94;95;96;97;102;103;104;105;106;107;109;111;112;113;114;115;116;120;121;122;123;124;125;126;127;128;129;130;132;133;135;136;139;140;142;144;145;146;147;148;150;151;154;155;157;158;160;161;162;164;165;166;167;168;169;170;171;172;174;175;176;177;178;180;181;182;183;185;186;189;191;193;195;196;199;200;52
N129,,92;71;73;83;110;162;66;68;98;112;113;114;122;124;126;128;157;170;173;174;183;189;194;200;52;53;56;58;59;60;61;63;64;69;74;75;76;79;80;81;82;84;85;86;87;88;90;91;93;94;95;96;97;99;101;102;103;104;105;106;107;108;109;111;115;116;118;120;121;123;125;127;129;130;131;132;133;135;136;138;139;140;141;142;144;145;146;147;148;149;150;151;152;153;154;155;156;158;160;161;163;164;165;166;167;168;169;171;172;175;176;177;178;180;181;182;184;185;186;187;188;191;192;193;195;196;197;199;51
N130,,108;73;83;177;182;64;97;152;194;56;60;66;87;88;90;98;101;112;121;125;131;136;149;163;164;170;173;183;187;193;195;196;199;51;52;53;58;59;61;63;68;69;71;74;75;76;79;80;81;82;84;85;86;91;92;93;94;95;96;99;102;103;104;105;106;107;109;110;111;113;114;115;116;118;120;122;123;124;126;127;128;129;130;132;133;135;138;139;140;141;142;144;145;146;147;148;150;151;153;154;155;156;157;158;160;161;162;165;166;167;168;169;171;172;174;175;176;178;180;181;184;185;186;188;189;191;192;197;200;50
N131,,191;108;158;80;156;171;51;64;95;168;58;63;68;76;79;87;103;105;113;114;116;122;128;135;153;160;170;193;195;197;50;52;53;56;59;60;61;66;69;71;73;74;75;81;82;83;84;85;86;88;90;91;92;93;94;96;97;98;99;101;102;104;106;107;109;110;111;112;115;118;120;121;123;124;125;126;127;129;130;131;132;133;136;138;139;140;141;142;144;145;146;147;148;149;150;151;152;154;155;157;161;162;163;164;165;166;167;169;172;173;174;175;176;177;178;180;181;182;183;184;185;186;187;188;189;192;194;196;199;200;47
N132,,181;97;99;106;145;147;151;176;191;69;76;85;90;105;116;121;122;139;141;146;164;166;173;183;187;188;189;195;47;50;51;52;53;56;58;59;60;61;63;64;66;68;71;73;74;75;79;80;81;82;83;84;86;87;88;91;92;93;94;95;96;98;101;102;103;104;107;108;109;110;111;112;113;114;115;118;120;123;124;125;126;127;128;129;130;131;132;133;135;136;138;140;142;144;148;149;150;152;153;154;155;156;157;158;160;161;162;163;165;167;168;169;170;171;172;174;175;177;178;180;182;184;185;186;192;193;194;196;197;199;200;46
N133,,92;103;184;52;71;73;74;86;110;125;166;177;50;66;69;87;97;98;101;111;124;130;131;145;150;160;172;175;191;46;47;51;53;56;58;59;60;61;63;64;68;75;76;79;80;81;82;83;84;85;88;90;91;93;94;95;96;99;102;104;105;106;107;108;109;112;113;114;115;116;118;120;121;122;123;126;127;128;129;132;133;135;136;138;139;140;141;142;144;146;147;148;149;151;152;153;154;155;156;157;158;161;162;163;164;165;167;168;169;170;171;173;174;176;178;180;181;182;183;185;186;187;188;189;192;193;194;195;196;197;199;200;45
N134,,86;125;103;123;162;166;182;46;68;75;81;82;87;90;91;94;99;102;104;126;129;133;139;145;147;158;160;165;167;174;175;188;196;45;47;50;51;52;53;56;58;59;60;61;63;64;66;69;71;73;74;76;79;80;83;84;85;88;92;93;95;96;97;98;101;105;106;107;108;109;110;111;112;113;114;115;116;118;120;121;122;124;127;128;130;131;132;135;136;138;140;141;142;144;146;148;149;150;151;152;153;154;155;156;157;161;163;164;168;169;170;171;172;173;176;177;178;180;181;183;184;185;186;187;189;191;192;193;194;195;197;199;200;44
N135,,132;108;123;71;84;177;44;64;109;147;148;158;192;50;53;63;74;75;79;86;92;93;103;111;115;121;127;130;136;141;144;154;155;163;164;166;170;180;183;195;45;46;47;51;52;56;58;59;60;61;66;68;69;73;76;80;81;82;83;85;87;88;90;91;94;95;96;97;98;99;101;102;104;105;106;107;110;112;113;114;116;118;120;122;124;125;126;128;129;131;133;135;138;139;140;142;145;146;149;150;151;152;153;156;157;160;161;162;165;167;168;169;171;172;173;174;175;176;178;181;182;184;185;186;187;188;189;191;193;194;196;197;199;200;43
N136,,191;108;81;156;171;45;145;147;148;150;165;168;46;50;52;53;58;60;68;69;79;86;87;90;101;105;112;125;136;138;141;142;153;161;164;169;174;184;187;197;43;44;47;51;56;59;61;63;64;66;71;73;74;75;76;80;82;83;84;85;88;91;92;93;94;95;96;97;98;99;102;103;104;106;107;109;110;111;113;114;115;116;118;120;121;122;123;124;126;127;128;129;130;131;132;133;135;139;140;144;146;149;151;152;154;155;157;158;160;162;163;166;167;170;172;173;175;176;177;178;180;181;182;183;185;186;188;189;192;193;194;195;196;199;200;42
N137,,132;83;156;177;44;51;64;109;147;194;50;56;66;76;82;88;101;104;105;107;110;113;116;120;122;127;131;153;157;160;162;163;183;185;188;199;42;43;45;46;47;52;53;58;59;60;61;63;68;69;71;73;74;75;79;80;81;84;85;86;87;90;91;92;93;94;95;96;97;98;99;102;103;106;108;111;112;114;115;118;121;123;124;125;126;128;129;130;133;135;136;138;139;140;141;142;144;145;146;148;149;150;151;152;154;155;158;161;164;165;166;167;168;169;170;171;172;173;174;175;176;178;180;181;182;184;186;187;189;191;192;193;195;196;197;200;40
N138,,197;53;80;126;156;184;44;79;92;99;185;189;194;46;71;73;94;106;111;122;124;125;132;139;140;149;154;157;160;178;186;187;192;200;40;42;43;45;47;50;51;52;56;58;59;60;61;63;64;66;68;69;74;75;76;81;82;83;84;85;86;87;88;90;91;93;95;96;97;98;101;102;103;104;105;107;108;109;110;112;113;114;115;116;118;120;121;123;127;128;129;130;131;133;135;136;138;141;142;144;145;146;147;148;150;151;152;153;155;158;161;162;163;164;165;166;167;168;169;170;171;172;173;174;175;176;177;180;181;182;183;188;191;193;195;196;199;38
N139,,132;45;51;145;171;176;46;50;52;53;59;61;74;96;98;105;107;111;114;116;121;122;157;161;162;163;164;166;178;185;193;199;38;40;42;43;44;47;56;58;60;63;64;66;68;69;71;73;75;76;79;80;81;82;83;84;85;86;87;88;90;91;92;93;94;95;97;99;101;102;103;104;106;108;109;110;112;113;115;118;120;123;124;125;126;127;128;129;130;131;133;135;136;138;139;140;141;142;144;146;147;148;149;150;151;152;153;154;155;156;158;160;165;167;168;169;170;172;173;174;175;177;180;181;182;183;184;186;187;188;189;191;192;194;195;196;197;200;37
N140,,191;127;53;66;121;44;79;81;103;112;120;164;185;37;47;75;87;88;94;102;105;110;111;123;124;128;145;162;165;166;169;172;177;186;192;38;40;42;43;45;46;50;51;52;56;58;59;60;61;63;64;68;69;71;73;74;76;80;82;83;84;85;86;90;91;92;93;95;96;97;98;99;101;104;106;107;108;109;113;114;115;116;118;122;125;126;129;130;131;132;133;135;136;138;139;140;141;142;144;146;147;148;149;150;151;152;153;154;155;156;157;158;160;161;163;167;168;170;171;173;174;175;176;178;180;181;182;183;184;187;188;189;193;194;195;196;197;199;200;34
N141,,34;38;181;71;80;81;133;150;168;177;37;40;52;53;61;63;76;82;115;126;129;130;144;155;157;160;164;174;178;180;186;188;189;193;42;43;44;45;46;47;50;51;56;58;59;60;64;66;68;69;73;74;75;79;83;84;85;86;87;88;90;91;92;93;94;95;96;97;98;99;101;102;103;104;105;106;107;108;109;110;111;112;113;114;116;118;120;121;122;123;124;125;127;128;131;132;135;136;138;139;140;141;142;145;146;147;148;149;151;152;153;154;156;158;161;162;163;165;166;167;169;170;171;172;173;175;176;182;183;184;185;187;191;192;194;195;196;197;199;200;33
N142,,34;38;132;99;145;147;150;151;194;46;50;58;75;82;85;88;92;94;96;98;101;110;114;116;122;131;136;138;140;155;163;166;167;180;185;193;196;197;33;37;40;42;43;44;45;47;51;52;53;56;59;60;61;63;64;66;68;69;71;73;74;76;79;80;81;83;84;86;87;90;91;93;95;97;102;103;104;105;106;107;108;109;111;112;113;115;118;120;121;123;124;125;126;127;128;129;130;133;135;139;141;142;144;146;148;149;152;153;154;156;157;158;160;161;162;164;165;168;169;170;171;172;173;174;175;176;177;178;181;182;183;184;186;187;188;189;191;192;195;199;200;32
N143,,71;123;51;64;81;95;99;133;145;148;158;165;168;171;176;191;194;32;33;46;56;58;63;74;79;87;91;111;121;122;124;136;138;141;155;167;188;197;34;37;38;40;42;43;44;45;47;50;52;53;59;60;61;66;68;69;73;75;76;80;82;83;84;85;86;88;90;92;93;94;96;97;98;101;102;103;104;105;106;107;108;109;110;112;113;114;115;116;118;120;125;126;127;128;129;130;131;132;135;139;140;142;144;146;147;149;150;151;152;153;154;156;157;160;161;162;163;164;166;169;170;172;173;174;175;177;178;180;181;182;183;184;185;186;187;189;192;193;195;196;199;200;31
N144,,184;164;47;52;71;73;86;110;116;118;162;31;32;40;63;81;85;90;91;96;101;111;128;147;163;175;176;188;193;197;199;33;34;37;38;42;43;44;45;46;50;51;53;56;58;59;60;61;64;66;68;69;74;75;76;79;80;82;83;84;87;88;92;93;94;95;97;98;99;102;103;104;105;106;107;108;109;112;113;114;115;120;121;122;123;124;125;126;127;129;130;131;132;133;135;136;138;139;140;141;142;144;145;146;148;149;150;151;152;153;154;155;156;157;158;160;161;165;166;167;168;169;170;171;172;173;174;177;178;180;181;182;183;185;186;187;189;191;192;194;195;196;200;30
N145,,38;73;30;64;97;152;158;171;194;31;33;43;46;56;60;63;68;75;76;85;86;87;90;104;113;121;125;136;139;149;153;154;155;157;162;163;166;173;174;189;195;197;32;34;37;40;42;44;45;47;50;51;52;53;58;59;61;66;69;71;74;79;80;81;82;83;84;88;91;92;93;94;95;96;98;99;101;102;103;105;106;107;108;109;110;111;112;114;115;116;118;120;122;123;124;126;127;128;129;130;131;132;133;135;138;140;141;142;144;145;146;147;148;150;151;156;160;161;164;165;167;168;169;170;172;175;176;177;178;180;181;182;183;184;185;186;187;188;191;192;193;196;199;200;28
N146,,66;126;40;69;103;113;121;156;163;171;173;34;47;56;74;76;83;88;109;114;123;125;132;138;141;148;149;150;151;166;169;170;176;180;181;183;195;196;28;30;31;32;33;37;38;42;43;44;45;46;50;51;52;53;58;59;60;61;63;64;68;71;73;75;79;80;81;82;84;85;86;87;90;91;92;93;94;95;96;97;98;99;101;102;104;105;106;107;108;110;111;112;115;116;118;120;122;124;127;128;129;130;131;133;135;136;139;140;142;144;145;146;147;152;153;154;155;157;158;160;161;162;164;165;167;168;172;174;175;177;178;182;184;185;186;187;188;189;191;192;193;194;197;199;200;27
N147,,38;123;177;182;44;64;81;109;133;148;191;192;31;37;47;52;58;60;61;68;69;82;92;112;115;124;129;130;142;146;157;161;164;166;178;184;186;197;27;28;30;32;33;34;40;42;43;45;46;50;51;53;56;59;63;66;71;73;74;75;76;79;80;83;84;85;86;87;88;90;91;93;94;95;96;97;98;99;101;102;103;104;105;106;107;108;110;111;113;114;116;118;120;121;122;125;126;127;128;131;132;135;136;138;139;140;141;144;145;147;149;150;151;152;153;154;155;156;158;160;162;163;165;167;168;169;170;171;172;173;174;175;176;180;181;183;185;187;188;189;193;194;195;196;199;200;25
N148,,152;45;80;99;106;145;165;175;176;177;192;25;32;33;58;59;63;82;87;90;93;110;111;114;115;129;131;135;136;141;149;153;154;163;167;180;196;27;28;30;31;34;37;38;40;42;43;44;46;47;50;51;52;53;56;60;61;64;66;68;69;71;73;74;75;76;79;81;83;84;85;86;88;91;92;94;95;96;97;98;101;102;103;104;105;107;108;109;112;113;116;118;120;121;122;123;124;125;126;127;128;130;132;133;138;139;140;142;144;146;147;148;150;151;155;156;157;158;160;161;162;164;166;168;169;170;171;172;173;174;178;181;182;183;184;185;186;187;188;189;191;193;194;195;197;199;200;23
N149,,171;27;30;34;38;45;51;71;97;123;132;182;23;28;43;58;66;79;87;88;91;93;94;98;101;102;110;113;118;124;125;126;135;138;141;146;163;166;183;187;189;197;199;25;31;32;33;37;40;42;44;46;47;50;52;53;56;59;60;61;63;64;68;69;73;74;75;76;80;81;82;83;84;85;86;90;92;95;96;99;103;104;105;106;107;108;109;111;112;114;115;116;120;121;122;127;128;129;130;131;133;136;139;140;142;144;145;147;148;149;150;151;152;153;154;155;156;157;158;160;161;162;164;165;167;168;169;170;172;173;174;175;176;177;178;180;181;184;185;186;188;191;192;193;194;195;196;200;22
N150,,133;194;30;95;109;123;151;152;168;176;200;31;37;40;43;63;79;90;91;92;96;98;101;115;116;118;126;128;129;136;155;161;162;164;166;183;185;187;188;22;23;25;27;28;32;33;34;38;42;44;45;46;47;50;51;52;53;56;58;59;60;61;64;66;68;69;71;73;74;75;76;80;81;82;83;84;85;86;87;88;93;94;97;99;102;103;104;105;106;107;108;110;111;112;113;114;120;121;122;124;125;127;130;131;132;135;138;139;140;141;142;144;145;146;147;148;149;150;153;154;156;157;158;160;163;165;167;169;170;171;172;173;174;175;177;178;180;181;182;184;186;189;191;192;193;195;196;197;199;21
N151,,111;38;93;123;149;154;180;40;42;51;79;82;83;88;90;107;110;128;130;131;140;142;157;161;163;164;165;166;171;172;175;183;184;186;187;189;196;200;21;22;23;25;27;28;30;31;32;33;34;37;43;44;45;46;47;50;52;53;56;58;59;60;61;63;64;66;68;69;71;73;74;75;76;80;81;84;85;86;87;91;92;94;95;96;97;98;99;101;102;103;104;105;106;108;109;112;113;114;115;116;118;120;121;122;124;125;126;127;129;132;133;135;136;138;139;141;144;145;146;147;148;150;151;152;153;155;156;158;160;162;167;168;169;170;173;174;176;177;178;181;182;185;188;191;192;193;194;195;197;199;20
N152,,66;156;102;114;125;144;145;157;161;200;27;30;45;56;60;63;73;76;79;82;92;96;103;105;107;110;115;116;118;132;152;162;166;169;176;186;188;194;196;199;20;21;22;23;25;28;31;32;33;34;37;38;40;42;43;44;46;47;50;51;52;53;58;59;61;64;68;69;71;74;75;80;81;83;84;85;86;87;88;90;91;93;94;95;97;98;99;101;104;106;108;109;111;112;113;120;121;122;123;124;126;127;128;129;130;131;133;135;136;138;139;140;141;142;146;147;148;149;150;151;153;154;155;158;160;163;164;165;167;168;170;171;172;173;174;175;177;178;180;181;182;183;184;185;187;189;191;192;193;195;197;18
N153,,53;58;23;32;80;81;121;127;164;171;34;38;52;59;63;73;74;83;91;93;101;114;116;125;130;131;145;147;149;151;152;170;183;188;196;18;20;21;22;25;27;28;30;31;33;37;40;42;43;44;45;46;47;50;51;56;60;61;64;66;68;69;71;75;76;79;82;84;85;86;87;88;90;92;94;95;96;97;98;99;102;103;104;105;106;107;108;109;110;111;112;113;115;118;120;122;123;124;126;128;129;132;133;135;136;138;139;140;141;142;144;146;148;150;153;154;155;156;157;158;160;161;162;163;165;166;167;168;169;172;173;174;175;176;177;178;180;181;182;184;185;186;187;189;191;192;193;194;195;197;199;200;17
N154,,181;27;71;83;84;30;97;147;152;158;192;194;21;37;46;53;79;85;87;90;91;101;103;107;111;114;131;139;141;146;149;154;166;169;174;183;197;199;17;18;20;22;23;25;28;31;32;33;34;38;40;42;43;44;45;47;50;51;52;56;58;59;60;61;63;64;66;68;69;73;74;75;76;80;81;82;86;88;92;93;94;95;96;98;99;102;104;105;106;108;109;110;112;113;115;116;118;120;121;122;123;124;125;126;127;128;129;130;132;133;135;136;138;140;142;144;145;148;150;151;153;155;156;157;160;161;162;163;164;165;167;168;170;171;172;173;175;176;177;178;180;182;184;185;186;187;188;189;191;193;195;196;200;16
N155,,108;83;84;181;182;30;44;95;99;109;133;152;172;175;28;31;37;40;46;47;56;60;66;76;92;93;96;101;111;112;113;116;126;142;149;169;184;185;193;16;17;18;20;21;22;23;25;27;32;33;34;38;42;43;45;50;51;52;53;58;59;61;63;64;68;69;71;73;74;75;79;80;81;82;85;86;87;88;90;91;94;97;98;102;103;104;105;106;107;110;114;115;118;120;121;122;123;124;125;127;128;129;130;131;132;135;136;138;139;140;141;144;145;146;147;148;150;151;153;154;155;156;157;158;160;161;162;163;164;165;166;167;168;170;171;173;174;176;177;178;180;183;186;187;188;189;191;192;194;195;196;197;199;200;15
N156,,20;92;156;164;184;56;73;84;162;166;187;31;45;50;58;63;79;90;91;94;98;105;114;121;122;131;133;144;145;146;150;158;160;161;170;183;188;189;191;192;195;15;16;17;18;21;22;23;25;27;28;30;32;33;34;37;38;40;42;43;44;46;47;51;52;53;59;60;61;64;66;68;69;71;74;75;76;80;81;82;83;85;86;87;88;93;95;96;97;99;101;102;103;104;106;107;108;109;110;111;112;113;115;116;118;120;123;124;125;126;127;128;129;130;132;135;136;138;139;140;141;142;147;148;149;151;152;153;154;155;157;163;165;167;168;169;171;172;173;174;175;176;177;178;180;181;182;185;186;193;194;196;197;199;200;14
N157,,18;108;156;27;38;71;177;182;64;81;147;151;152;158;168;171;192;15;31;53;61;68;69;88;96;98;102;105;110;121;122;125;127;129;146;155;161;164;183;186;188;199;14;16;17;20;21;22;23;25;28;30;32;33;34;37;40;42;43;44;45;46;47;50;51;52;56;58;59;60;63;66;73;74;75;76;79;80;82;83;84;85;86;87;90;91;92;93;94;95;97;99;101;103;104;106;107;109;111;112;113;114;115;116;118;120;123;124;126;128;130;131;132;133;135;136;138;139;140;141;142;144;145;148;149;150;153;154;157;160;162;163;165;166;167;169;170;172;173;174;175;176;178;180;181;184;185;187;189;191;193;194;195;196;197;200;12
N158,,108;164;17;22;56;73;83;88;118;132;162;169;181;28;43;59;61;79;85;91;98;99;102;104;107;111;113;114;121;129;130;139;146;152;161;183;12;14;15;16;18;20;21;23;25;27;30;31;32;33;34;37;38;40;42;44;45;46;47;50;51;52;53;58;60;63;64;66;68;69;71;74;75;76;80;81;82;84;86;87;90;92;93;94;95;96;97;101;103;105;106;109;110;112;115;116;120;122;123;124;125;126;127;128;131;133;135;136;138;140;141;142;144;145;147;148;149;150;151;153;154;155;156;157;158;160;163;165;166;167;168;170;171;172;173;174;175;176;177;178;180;182;184;185;186;187;188;189;191;192;193;194;195;196;197;199;200;11
N159,,17;71;27;182;30;44;95;99;109;133;151;168;175;176;21;22;37;40;43;47;50;53;61;69;86;110;113;114;128;129;131;136;157;160;164;178;185;188;193;195;197;199;11;12;14;15;16;18;20;23;25;28;31;32;33;34;38;42;45;46;51;52;56;58;59;60;63;64;66;68;73;74;75;76;79;80;81;82;83;84;85;87;88;90;91;92;93;94;96;97;98;101;102;103;104;105;106;107;108;111;112;115;116;118;120;121;122;123;124;125;126;127;130;132;135;138;139;140;141;142;144;145;146;147;148;149;150;152;153;154;155;156;158;161;162;163;165;166;167;169;170;171;172;173;174;177;180;181;183;184;186;187;189;191;192;194;196;200;10
N160,,33;17;34;47;71;83;84;118;132;182;187;25;44;50;51;58;59;64;76;99;106;107;109;112;121;139;140;149;151;154;165;171;178;186;188;191;192;197;200;10;11;12;14;15;16;18;20;21;22;23;27;28;30;31;32;37;38;40;42;43;45;46;52;53;56;60;61;63;66;68;69;73;74;75;79;80;81;82;85;86;87;88;90;91;92;93;94;95;96;97;98;101;102;103;104;105;108;110;111;113;114;115;116;120;122;123;124;125;126;127;128;129;130;131;133;135;136;138;141;142;144;145;146;147;148;150;152;153;155;156;157;158;160;161;162;163;164;166;167;168;169;170;172;173;174;175;176;177;180;181;183;184;185;189;193;194;195;196;199;9
N161,,80;99;17;45;64;150;151;10;12;16;21;31;32;37;43;46;47;50;61;79;85;94;96;104;122;124;126;127;129;131;140;142;153;154;160;174;178;189;193;199;9;11;14;15;18;20;22;23;25;27;28;30;33;34;38;40;42;44;51;52;53;56;58;59;60;63;66;68;69;71;73;74;75;76;81;82;83;84;86;87;88;90;91;92;93;95;97;98;101;102;103;105;106;107;108;109;110;111;112;113;114;115;116;118;120;121;123;125;128;130;132;133;135;136;138;139;141;144;145;146;147;148;149;152;155;156;157;158;161;162;163;164;165;166;167;168;169;170;171;172;173;175;176;177;180;181;182;183;184;185;186;187;188;191;192;194;195;196;197;200;8
N162,,27;34;71;73;84;123;132;64;80;99;151;175;192;12;16;25;47;60;74;82;90;103;104;107;112;114;116;125;163;169;173;174;178;183;185;193;8;9;10;11;14;15;17;18;20;21;22;23;28;30;31;32;33;37;38;40;42;43;44;45;46;50;51;52;53;56;58;59;61;63;66;68;69;75;76;79;81;83;85;86;87;88;91;92;93;94;95;96;97;98;101;102;105;106;108;109;110;111;113;115;118;120;121;122;124;126;127;128;129;130;131;133;135;136;138;139;140;141;142;144;145;146;147;148;149;150;152;153;154;155;156;157;158;160;161;162;164;165;166;167;168;170;171;172;176;177;180;181;182;184;186;187;188;189;191;194;195;196;197;199;200;7
N163,,20;17;34;83;123;182;45;64;97;145;168;171;194;25;28;33;37;40;52;69;74;76;85;87;91;94;96;98;113;118;125;128;138;139;141;161;169;184;185;197;7;8;9;10;11;12;14;15;16;18;21;22;23;27;30;31;32;38;42;43;44;46;47;50;51;53;56;58;59;60;61;63;66;68;71;73;75;79;80;81;82;84;86;88;90;92;93;95;99;101;102;103;104;105;106;107;108;109;110;111;112;114;115;116;120;121;122;124;126;127;129;130;131;132;133;135;136;140;142;144;146;147;148;149;150;151;152;153;154;155;156;157;158;160;162;163;164;165;166;167;170;172;173;174;175;176;177;178;180;181;183;186;187;188;189;191;192;193;195;196;199;200;6
N164,,8;17;38;73;11;51;58;97;189;197;20;21;34;42;50;69;84;106;132;133;144;148;149;154;160;162;164;170;172;181;6;7;9;10;12;14;15;16;18;22;23;25;27;28;30;31;32;33;37;40;43;44;45;46;47;52;53;56;59;60;61;63;64;66;68;71;74;75;76;79;80;81;82;83;85;86;87;88;90;91;92;93;94;95;96;98;99;101;102;103;104;105;107;108;109;110;111;112;113;114;115;116;118;120;121;122;123;124;125;126;127;128;129;130;131;135;136;138;139;140;141;142;145;146;147;150;151;152;153;155;156;157;158;161;163;165;166;167;168;169;171;173;174;175;176;177;178;180;182;183;184;185;186;187;188;191;192;193;194;195;196;199;200;4
N165,,38;73;83;181;14;30;51;81;97;109;150;175;192;6;8;12;21;37;52;59;60;63;66;79;82;88;90;91;92;98;105;124;129;131;140;163;187;193;195;4;7;9;10;11;15;16;17;18;20;22;23;25;27;28;31;32;33;34;40;42;43;44;45;46;47;50;53;56;58;61;64;68;69;71;74;75;76;80;84;85;86;87;93;94;95;96;99;101;102;103;104;106;107;108;110;111;112;113;114;115;116;118;120;121;122;123;125;126;127;128;130;132;133;135;136;138;139;141;142;144;145;146;147;148;149;151;152;153;154;155;156;157;158;160;161;162;164;165;166;167;168;169;170;171;172;173;174;176;177;178;180;182;183;184;185;186;188;189;191;194;196;197;199;200;3
N166,,112;122;132;151;174;180;185;3;20;22;23;32;33;37;40;42;43;50;51;56;69;83;86;95;97;101;103;106;113;118;121;129;131;133;135;145;146;153;155;156;157;160;165;166;169;171;186;189;195;199;200;4;6;7;8;9;10;11;12;14;15;16;17;18;21;25;27;28;30;31;34;38;44;45;46;47;52;53;58;59;60;61;63;64;66;68;71;73;74;75;76;79;80;81;82;84;85;87;88;90;91;92;93;94;96;98;99;102;104;105;107;108;109;110;111;114;115;116;120;123;124;125;126;127;128;130;136;138;139;140;141;142;144;147;148;149;150;152;154;158;161;162;163;164;167;168;170;172;173;175;176;177;178;181;182;183;184;187;188;191;192;193;194;196;197;1
N167,,1;3;4;6;7;8;9;10;11;12;14;15;16;17;18;20;21;22;23;25;27;28;30;31;32;33;34;37;38;40;42;43;44;45;46;47;50;51;52;53;56;58;59;60;61;63;64;66;68;69;71;73;74;75;76;79;80;82;83;84;86;87;91;92;93;94;97;98;99;101;104;106;107;108;110;113;115;118;120;121;122;125;127;128;130;131;132;133;135;136;138;139;140;141;144;145;146;148;149;150;152;153;154;155;156;158;160;161;162;164;165;166;167;168;169;170;171;172;173;174;175;176;177;180;181;183;184;185;188;189;193;194;196;197;199;200;78
N168,,18;108;27;71;9;95;148;158;172;192;200;23;31;59;60;66;76;86;87;91;92;94;101;102;107;116;135;142;144;146;154;161;163;170;174;178;185;187;188;195;199;1;3;4;6;7;8;10;11;12;14;15;16;17;20;21;22;25;28;30;32;33;34;37;38;40;42;43;44;45;46;47;50;51;52;53;56;58;61;63;64;68;69;73;74;75;79;80;81;82;83;84;85;88;90;93;96;97;98;99;103;104;105;106;109;110;111;112;113;114;115;118;120;121;122;123;124;125;126;127;128;129;130;131;132;133;136;138;139;140;141;145;147;149;150;151;152;153;155;156;157;160;162;164;165;166;167;168;169;171;173;175;176;177;180;181;182;183;184;186;189;191;193;194;196;197;77
N169,,34;181;17;71;177;9;51;81;133;145;150;152;168;171;175;176;191;192;3;6;12;15;16;32;33;43;46;53;76;77;85;87;98;102;112;120;122;126;129;140;149;167;169;173;174;189;193;196;1;4;7;8;10;11;14;18;20;21;22;23;25;27;28;30;31;37;38;40;42;44;45;47;50;52;56;58;59;60;61;63;64;66;68;69;73;74;75;79;80;82;83;84;86;88;90;91;92;93;94;95;96;97;99;101;103;104;105;106;107;108;109;110;111;113;114;115;116;118;121;123;124;125;127;128;130;131;132;135;136;138;139;141;142;144;146;147;148;151;153;154;155;156;157;158;160;161;162;163;164;165;166;170;172;178;180;182;183;184;185;186;187;188;194;195;197;199;200;72
N170,,108;17;34;123;182;14;45;64;95;99;106;152;158;171;175;3;12;15;21;23;40;59;69;75;79;82;87;88;101;102;111;112;116;121;130;136;139;155;157;161;163;164;180;187;1;4;6;7;8;9;10;11;16;18;20;22;25;27;28;30;31;32;33;37;38;42;43;44;46;47;50;51;52;53;56;58;60;61;63;66;68;71;72;73;74;76;77;80;81;83;84;85;86;90;91;92;93;94;96;97;98;103;104;105;107;109;110;113;114;115;118;120;122;124;125;126;127;128;129;131;132;133;135;138;140;141;142;144;145;146;147;148;149;150;151;153;154;156;160;162;165;166;167;168;169;170;172;173;174;176;177;178;181;183;184;185;186;188;189;191;192;193;194;195;196;197;199;200;70
N171,,66;185;33;61;72;80;81;98;99;107;153;156;184;15;31;38;46;60;63;73;76;83;94;95;135;141;147;150;151;155;160;167;168;178;180;1;3;4;6;7;8;9;10;11;12;14;16;17;18;20;21;22;23;25;27;28;30;32;34;37;40;42;43;44;45;47;50;51;52;53;56;58;59;64;68;69;70;71;74;75;77;79;82;84;85;86;87;88;90;91;92;93;96;97;101;102;103;104;105;106;108;109;110;111;112;113;114;115;116;118;120;121;122;123;124;125;126;127;128;129;130;131;132;133;136;138;139;140;142;144;145;146;148;149;152;154;157;158;161;162;163;164;165;166;169;170;171;172;173;174;175;176;177;181;182;183;186;187;188;189;191;192;193;194;195;196;197;199;200;67
N172,,67;84;11;45;51;80;109;176;7;12;21;23;42;46;50;53;86;87;90;94;96;110;114;115;116;118;128;139;144;149;153;154;155;162;167;178;186;196;1;3;4;6;8;9;10;14;15;16;17;18;20;22;25;27;28;30;31;32;33;34;37;38;40;43;44;47;52;56;58;59;60;61;63;64;66;68;69;70;71;72;73;74;75;76;77;79;81;82;83;85;88;91;92;93;95;97;98;99;101;102;103;104;105;106;107;108;111;112;113;120;121;122;123;124;125;126;127;129;130;131;132;133;135;136;138;140;141;142;145;146;147;148;150;151;152;156;157;158;160;161;163;164;165;166;168;169;170;171;172;173;174;175;177;180;181;182;183;184;185;187;188;189;191;192;193;194;195;197;199;200;57
N173,,18;27;38;73;9;97;152;165;176;192;6;10;15;21;33;40;53;58;60;61;63;70;91;98;103;111;114;126;127;141;146;161;173;185;199;1;3;4;7;8;11;12;14;16;17;20;22;23;25;28;30;31;32;34;37;42;43;44;45;46;47;50;51;52;56;57;59;64;66;67;68;69;71;72;74;75;76;77;79;80;81;82;83;84;85;86;87;88;90;92;93;94;95;96;99;101;102;104;105;106;107;108;109;110;112;113;115;116;118;120;121;122;123;124;125;128;129;130;131;132;133;135;136;138;139;140;142;144;145;147;148;149;150;151;153;154;155;156;157;158;160;162;163;164;166;167;168;169;170;171;172;174;175;177;178;180;181;182;183;184;186;187;188;189;191;193;194;195;196;197;200;49
N174,,108;156;17;38;11;44;81;99;106;150;152;165;172;6;7;22;28;43;46;50;57;66;75;76;77;85;101;105;130;131;135;136;144;166;167;173;180;183;188;193;196;1;3;4;8;9;10;12;14;15;16;18;20;21;23;25;27;30;31;32;33;34;37;40;42;45;47;49;51;52;53;56;58;59;60;61;63;64;67;68;69;70;71;72;73;74;79;80;82;83;84;86;87;88;90;91;92;93;94;95;96;97;98;102;103;104;107;109;110;111;112;113;114;115;116;118;120;121;122;123;124;125;126;127;128;129;132;133;138;139;140;141;142;145;146;147;148;149;151;153;154;155;157;158;160;161;162;163;164;168;169;170;171;174;175;176;177;178;181;182;184;185;186;187;189;191;192;194;195;197;199;200;48
N175,,191;158;20;99;156;11;34;45;83;95;97;165;192;3;22;28;31;33;50;52;61;63;66;75;77;82;85;93;102;103;111;130;131;135;139;154;160;163;166;173;174;180;187;1;4;6;7;8;9;10;12;14;15;16;17;18;21;23;25;27;30;32;37;38;40;42;43;44;46;47;48;49;51;53;56;57;58;59;60;64;67;68;69;70;71;72;73;74;76;79;80;81;84;86;87;88;90;91;92;94;96;98;101;104;105;106;107;108;109;110;112;113;114;115;116;118;120;121;122;123;124;125;126;127;128;129;132;133;136;138;140;141;142;144;145;146;147;148;149;150;151;152;153;155;157;161;162;164;167;168;169;170;171;172;175;176;177;178;181;182;183;184;185;186;188;189;193;194;195;196;197;199;200;41
N176,,53;18;33;92;103;22;34;73;83;110;116;123;138;177;187;6;16;58;64;68;75;81;98;101;104;113;124;126;135;141;142;145;149;157;161;163;167;180;189;195;1;3;4;7;8;9;10;11;12;14;15;17;20;21;23;25;27;28;30;31;32;37;38;40;41;42;43;44;45;46;47;48;49;50;51;52;56;57;59;60;61;63;66;67;69;70;71;72;74;76;77;79;80;82;84;85;86;87;88;90;91;93;94;95;96;97;99;102;105;106;107;108;109;111;112;114;115;118;120;121;122;125;127;128;129;130;131;132;133;136;139;140;144;146;147;148;150;151;152;153;154;155;156;158;160;162;164;165;166;168;169;170;171;172;173;174;175;176;178;181;182;183;184;185;186;188;191;192;193;194;196;197;199;200;39
N177,,53;185;1;23;103;34;38;56;88;118;136;138;7;46;50;58;59;61;64;75;76;81;96;104;105;107;114;126;131;140;146;149;153;163;170;173;188;189;199;3;4;6;8;9;10;11;12;14;15;16;17;18;20;21;22;25;27;28;30;31;32;33;37;39;40;41;42;43;44;45;47;48;49;51;52;57;60;63;66;67;68;69;70;71;72;73;74;77;79;80;82;83;84;85;86;87;90;91;92;93;94;95;97;98;99;101;102;106;108;109;110;111;112;113;115;116;120;121;122;123;124;125;127;128;129;130;132;133;135;139;141;142;144;145;147;148;150;151;152;154;155;156;157;158;160;161;162;164;165;166;167;168;169;171;172;174;175;176;177;178;180;181;182;183;184;186;187;191;192;193;194;195;196;197;200;36
N178,,108;20;9;30;34;36;51;67;106;109;147;152;200;7;21;31;32;33;40;41;42;49;52;57;58;72;82;87;96;101;104;111;121;124;125;126;130;138;144;164;166;167;169;173;178;185;186;187;188;193;197;199;1;3;4;6;8;10;11;12;14;15;16;17;18;22;23;25;27;28;37;38;39;43;44;45;46;47;48;50;53;56;59;60;61;63;64;66;68;69;70;71;73;74;75;76;77;79;80;81;83;84;85;86;88;90;91;92;93;94;95;97;98;99;102;103;105;107;110;112;113;114;115;116;118;120;122;123;127;128;129;131;132;133;135;136;139;140;141;142;145;146;148;149;150;151;153;154;155;156;157;158;160;161;162;163;165;168;170;171;172;174;175;176;177;180;181;182;183;184;189;191;192;194;195;196;35
N179,,1;156;17;38;123;39;51;64;95;147;152;172;194;6;7;8;15;22;28;31;42;43;48;50;57;60;74;76;92;96;101;102;110;111;116;140;142;153;154;157;185;186;195;3;4;9;10;11;12;14;16;18;20;21;23;25;27;30;32;33;34;35;36;37;40;41;44;45;46;47;49;52;53;56;58;59;61;63;66;67;68;69;70;71;72;73;75;77;79;80;81;82;83;84;85;86;87;88;90;91;93;94;97;98;99;103;104;105;106;107;108;109;112;113;114;115;118;120;121;122;124;125;126;127;128;129;130;131;132;133;135;136;138;139;141;144;145;146;148;149;150;151;155;158;160;161;162;163;164;165;166;167;168;169;170;171;173;174;175;176;177;178;180;181;182;183;184;187;188;189;191;192;193;196;197;199;200;29
N180,,11;49;34;53;112;126;154;1;3;8;12;22;31;39;41;42;47;60;67;68;71;73;80;90;92;95;98;103;104;106;113;124;129;133;139;142;145;153;155;160;164;173;178;196;4;6;7;9;10;14;15;16;17;18;20;21;23;25;27;28;29;30;32;33;35;36;37;38;40;43;44;45;46;48;50;51;52;56;57;58;59;61;63;64;66;69;70;72;74;75;76;77;79;81;82;83;84;85;86;87;88;91;93;94;96;97;99;101;102;105;107;108;109;110;111;114;115;116;118;120;121;122;123;125;127;128;130;131;132;135;136;138;140;141;144;146;147;148;149;150;151;152;156;157;158;161;162;163;165;166;167;168;169;170;171;172;174;175;176;177;180;181;182;183;184;185;186;187;188;189;191;192;193;194;195;197;199;200;24
N181,,1;156;71;27;34;123;182;36;51;109;145;148;175;6;25;31;35;40;41;52;59;66;68;70;105;114;116;125;126;130;131;142;146;154;161;174;184;188;3;4;7;8;9;10;11;12;14;15;16;17;18;20;21;22;23;24;28;29;30;32;33;37;38;39;42;43;44;45;46;47;48;49;50;53;56;57;58;60;61;63;64;67;69;72;73;74;75;76;77;79;80;81;82;83;84;85;86;87;88;90;91;92;93;94;95;96;97;98;99;101;102;103;104;106;107;108;110;111;112;113;115;118;120;121;122;124;127;128;129;132;133;135;136;138;139;140;141;144;147;149;150;151;152;153;155;157;158;160;162;163;164;165;166;167;168;169;170;171;172;173;176;177;178;180;181;183;185;186;187;189;191;192;193;194;195;196;197;199;200;19
N182,,38;123;152;20;27;64;80;83;145;168;192;194;3;12;16;22;23;31;35;43;57;58;61;69;82;92;94;103;104;110;112;114;118;125;126;130;138;139;144;149;157;163;164;178;187;189;1;4;6;7;8;9;10;11;14;15;17;18;19;21;24;25;28;29;30;32;33;34;36;37;39;40;41;42;44;45;46;47;48;49;50;51;52;53;56;59;60;63;66;67;68;70;71;72;73;74;75;76;77;79;81;84;85;86;87;88;90;91;93;95;96;97;98;99;101;102;105;106;107;108;109;111;113;115;116;120;121;122;124;127;128;129;131;132;133;135;136;140;141;142;146;147;148;150;151;153;154;155;156;158;160;161;162;165;166;167;169;170;171;172;173;174;175;176;177;180;181;182;183;184;185;186;188;191;193;195;196;197;199;200;5
N183,,53;185;156;184;8;17;38;41;47;52;73;74;86;110;118;123;136;138;169;177;3;6;7;11;12;14;15;16;36;37;46;51;58;70;79;97;107;127;139;140;141;151;155;158;161;174;178;189;192;197;200;1;4;5;9;10;18;19;20;21;22;23;24;25;27;28;29;30;31;32;33;34;35;39;40;42;43;44;45;48;49;50;56;57;59;60;61;63;64;66;67;68;69;71;72;75;76;77;80;81;82;83;84;85;87;88;90;91;92;93;94;95;96;98;99;101;102;103;104;105;106;108;109;111;112;113;114;115;116;120;121;122;124;125;126;128;129;130;131;132;133;135;142;144;145;146;147;148;149;150;152;153;154;157;160;162;163;164;165;166;167;168;170;171;172;173;175;176;180;181;182;183;186;187;188;191;193;194;195;196;199;2
N184,,67;84;132;36;44;51;133;145;148;150;176;3;16;19;22;23;25;32;37;43;50;56;58;61;70;74;79;82;85;91;93;102;111;112;126;128;131;140;146;163;164;167;169;188;199;1;2;5;6;7;8;9;10;11;12;14;15;17;18;20;21;24;27;28;29;30;31;33;34;35;38;39;40;41;42;45;46;47;48;49;52;53;57;59;60;63;64;66;68;69;71;72;73;75;76;77;80;81;83;86;87;88;90;92;94;95;96;97;98;99;101;103;104;105;106;107;108;109;110;113;114;115;116;118;120;121;122;123;124;125;127;129;130;135;136;138;139;141;142;144;147;149;151;152;153;154;155;156;157;158;160;161;162;165;166;168;170;171;172;173;174;175;177;178;180;181;182;183;184;185;186;187;189;191;192;193;194;195;196;197;200;190
N185,,24;17;38;123;182;39;64;145;148;151;158;165;191;192;194;200;5;10;16;22;31;32;40;52;58;69;70;75;85;92;93;96;112;118;120;121;129;135;146;154;160;162;164;197;1;2;3;6;7;8;9;11;12;14;15;18;19;20;21;23;25;27;28;29;30;33;34;35;36;37;41;42;43;44;45;46;47;48;49;50;51;53;56;57;59;60;61;63;66;67;68;71;72;73;74;76;77;79;80;81;82;83;84;86;87;88;90;91;94;95;97;98;99;101;102;103;104;105;106;107;108;109;110;111;113;114;115;116;122;124;125;126;127;128;130;131;132;133;136;138;139;140;141;142;144;147;149;150;152;153;155;156;157;161;163;166;167;168;169;170;171;172;173;174;175;176;177;178;180;181;183;184;185;186;187;188;189;190;193;195;196;199;159
N186,,34;1;71;84;156;177;64;106;109;147;150;172;194;5;12;15;19;21;25;28;31;58;59;60;77;87;91;92;103;112;113;125;127;130;142;149;163;164;170;180;196;2;3;6;7;8;9;10;11;14;16;17;18;20;22;23;24;27;29;30;32;33;35;36;37;38;39;40;41;42;43;44;45;46;47;48;49;50;51;52;53;56;57;61;63;66;67;68;69;70;72;73;74;75;76;79;80;81;82;83;85;86;88;90;93;94;95;96;97;98;99;101;102;104;105;107;108;110;111;114;115;116;118;120;121;122;123;124;126;128;129;131;132;133;135;136;138;139;140;141;144;145;146;148;151;152;153;154;155;157;158;159;160;161;162;165;166;167;168;169;171;173;174;175;176;178;181;182;183;184;185;186;187;188;189;190;191;192;193;195;197;199;200;134
N187,,108;67;14;30;36;106;133;148;150;168;3;6;23;28;35;50;53;56;66;74;86;101;102;104;107;122;136;138;140;144;161;167;170;178;180;187;199;1;2;5;7;8;9;10;11;12;15;16;17;18;19;20;21;22;24;25;27;29;31;32;33;34;37;38;39;40;41;42;43;44;45;46;47;48;49;51;52;57;58;59;60;61;63;64;68;69;70;71;72;73;75;76;77;79;80;81;82;83;84;85;87;88;90;91;92;93;94;95;96;97;98;99;103;105;109;110;111;112;113;114;115;116;118;120;121;123;124;125;126;127;128;129;130;131;132;134;135;139;141;142;145;146;147;149;151;152;153;154;155;156;157;158;159;160;162;163;164;165;166;169;171;172;173;174;175;176;177;181;182;183;184;185;186;188;189;190;191;192;193;194;195;196;197;200;119
N188,,18;108;84;14;39;44;45;95;97;165;200;3;6;7;8;28;29;35;37;40;41;46;53;56;58;86;91;93;96;102;110;112;113;114;116;119;122;128;136;140;141;157;159;161;162;166;184;189;190;1;2;5;9;10;11;12;15;16;17;19;20;21;22;23;24;25;27;30;31;32;33;34;36;38;42;43;47;48;49;50;51;52;57;59;60;61;63;64;66;67;68;69;70;71;72;73;74;75;76;77;79;80;81;82;83;85;87;88;90;92;94;98;99;101;103;104;105;106;107;109;111;115;118;120;121;123;124;125;126;127;129;130;131;132;133;134;135;138;139;142;144;145;146;147;148;149;150;151;152;153;154;155;156;158;160;163;164;167;168;169;170;171;172;173;174;175;176;177;178;180;181;182;183;185;186;187;188;191;192;193;194;195;196;197;199;117
N189,,18;38;73;83;182;14;30;64;81;95;175;194;23;29;35;42;46;50;57;59;60;68;72;86;88;110;111;112;126;129;138;149;153;159;161;163;184;185;187;1;2;3;5;6;7;8;9;10;11;12;15;16;17;19;20;21;22;24;25;27;28;31;32;33;34;36;37;39;40;41;43;44;45;47;48;49;51;52;53;56;58;61;63;66;67;69;70;71;74;75;76;77;79;80;82;84;85;87;90;91;92;93;94;96;97;98;99;101;102;103;104;105;106;107;108;109;113;114;115;116;117;118;119;120;121;122;123;124;125;127;128;130;131;132;133;134;135;136;139;140;141;142;144;145;146;147;148;150;151;152;154;155;156;157;158;160;162;164;165;166;167;168;169;170;171;172;173;174;176;177;178;180;181;183;186;188;189;190;191;192;193;195;196;197;199;200;89
N190,,108;20;33;184;8;38;74;116;125;181;7;11;12;15;19;30;31;32;45;46;58;72;77;79;81;85;89;95;99;109;120;121;131;134;135;142;147;149;150;151;153;154;159;172;192;193;199;200;1;2;3;5;6;9;10;14;16;17;18;21;22;23;24;25;27;28;29;34;35;36;37;39;40;41;42;43;44;47;48;49;50;51;52;53;56;57;59;60;61;63;64;66;67;68;69;70;71;73;75;76;80;82;83;84;86;87;88;90;91;92;93;94;96;97;98;101;102;103;104;105;106;107;110;111;112;113;114;115;117;118;119;122;123;124;126;127;128;129;130;132;133;136;138;139;140;141;144;145;146;148;152;155;156;157;158;160;161;162;163;164;165;166;167;168;169;170;171;173;174;175;176;177;178;180;182;183;185;186;187;188;189;190;191;194;195;196;197;65
N191,,108;156;38;83;123;2;45;51;95;106;150;165;192;194;200;3;16;19;23;25;33;37;57;59;61;66;68;70;72;76;82;85;86;88;103;105;110;115;120;124;128;129;130;146;153;157;160;163;169;185;199;1;5;6;7;8;9;10;11;12;14;15;17;18;20;21;22;24;27;28;29;30;31;32;34;35;36;39;40;41;42;43;44;46;47;48;49;50;52;53;56;58;60;63;64;65;67;69;71;73;74;75;77;79;80;81;84;87;89;90;91;92;93;94;96;97;98;99;101;102;104;107;109;111;112;113;114;116;117;118;119;121;122;125;126;127;131;132;133;134;135;136;138;139;140;141;142;144;145;147;148;149;151;152;154;155;158;159;161;162;164;166;167;168;170;171;172;173;174;175;176;177;178;180;181;182;183;184;186;187;188;189;190;191;193;195;196;197;62
N192,,53;1;33;92;21;22;27;47;52;67;88;123;138;162;166;181;182;187;3;31;39;48;49;61;75;80;87;102;105;107;117;122;124;126;128;129;135;139;142;145;148;149;150;151;153;154;158;165;194;200;2;5;6;7;8;9;10;11;12;14;15;16;17;18;19;20;23;24;25;28;29;30;32;34;35;36;37;38;40;41;42;43;44;45;46;50;51;56;57;58;59;60;62;63;64;65;66;68;69;70;71;72;73;74;76;77;79;81;82;83;84;85;86;89;90;91;93;94;95;96;97;98;99;101;103;104;106;108;109;110;111;112;113;114;115;116;118;119;120;121;125;127;130;131;132;133;134;136;140;141;144;146;147;152;155;156;157;159;160;161;163;164;167;168;169;170;171;172;173;174;175;176;177;178;180;183;184;185;186;188;189;190;191;192;193;195;196;197;199;55
N193,,20;108;164;8;17;27;67;71;73;74;84;86;110;132;136;187;2;3;25;30;55;66;70;79;89;90;95;98;99;104;109;111;115;121;122;144;145;149;150;151;154;157;165;171;178;188;197;1;5;6;7;9;10;11;12;14;15;16;18;19;21;22;23;24;28;29;31;32;33;34;35;36;37;38;39;40;41;42;43;44;45;46;47;48;49;50;51;52;53;56;57;58;59;60;61;62;63;64;65;68;69;72;75;76;77;80;81;82;83;85;87;88;91;92;93;94;96;97;101;102;103;105;106;107;112;113;114;116;117;118;119;120;123;124;125;126;127;128;129;130;131;133;134;135;138;139;140;141;142;146;147;148;152;153;155;156;158;159;160;161;162;163;166;167;168;169;170;172;173;174;175;176;177;180;181;182;183;184;185;186;189;190;191;192;193;194;195;196;199;200;54
N194,,54;44;123;152;158;9;14;17;36;45;64;71;83;84;177;10;15;21;22;25;35;41;48;50;53;57;66;69;72;76;77;79;86;89;90;92;107;112;116;118;121;126;129;138;139;146;149;161;162;164;173;178;189;193;196;197;1;2;3;5;6;7;8;11;12;16;18;19;20;23;24;27;28;29;30;31;32;33;34;37;38;39;40;42;43;46;47;49;51;52;55;56;58;59;60;61;62;63;65;67;68;70;73;74;75;80;81;82;85;87;88;91;93;94;95;96;97;98;99;101;102;103;104;105;106;108;109;110;111;113;114;115;117;119;120;122;124;125;127;128;130;131;132;133;134;135;136;140;141;142;144;145;147;148;150;151;153;154;155;156;157;159;160;163;165;166;167;168;169;170;171;172;174;175;176;180;181;182;183;184;185;186;187;188;190;191;192;194;195;199;200;26
N195,,11;54;71;97;132;175;176;177;200;3;19;23;29;40;42;47;48;49;56;63;69;72;85;89;93;101;105;116;118;124;127;128;131;136;140;163;164;166;196;197;2;5;6;7;8;9;10;12;14;15;16;17;18;20;21;22;24;25;26;27;28;30;31;32;33;34;35;36;37;38;39;41;43;44;45;46;50;51;52;53;55;57;58;59;60;61;62;64;65;66;67;68;70;73;74;75;76;77;79;80;81;82;83;84;86;87;88;90;91;92;94;95;96;98;99;102;103;104;106;107;108;109;110;111;112;113;114;115;117;119;120;121;122;123;125;126;129;130;133;134;135;138;139;141;142;144;145;146;147;148;149;150;151;152;153;154;155;156;157;158;159;160;161;162;165;167;168;169;170;171;172;173;174;178;180;181;182;183;184;185;186;187;188;189;190;192;193;194;195;199;143
N196,,12;17;21;28;46;49;50;54;59;62;65;67;71;86;87;89;91;94;95;101;102;111;114;122;125;128;130;144;145;147;157;161;170;178;183;193;200;2;3;5;6;7;8;9;10;11;14;15;16;18;19;20;22;23;25;27;29;30;31;32;33;34;35;36;37;38;39;40;41;42;44;45;47;48;51;52;55;56;58;60;63;64;68;69;70;72;73;74;75;76;77;79;81;82;83;84;85;88;90;92;93;96;97;98;99;103;104;105;106;107;108;109;110;112;113;115;116;117;118;119;120;123;124;129;131;132;133;134;135;136;138;139;140;141;142;143;146;148;149;150;151;152;153;154;155;158;159;160;162;163;164;165;166;167;168;169;171;172;173;174;175;176;177;180;181;182;185;186;187;188;189;190;192;194;195;196;199;179
N197,,1;2;3;5;6;7;8;9;12;14;16;17;20;22;23;24;25;26;27;28;31;32;33;35;36;37;39;40;41;42;43;45;46;47;48;50;51;55;56;59;60;61;62;63;64;65;67;68;69;70;71;72;73;74;75;76;77;79;80;81;82;83;84;85;86;87;88;89;90;91;92;94;95;96;97;98;99;101;102;103;104;106;107;110;113;114;115;116;117;118;119;120;121;124;125;127;128;129;130;131;133;134;135;138;139;140;142;144;145;146;147;148;150;153;155;156;157;159;160;161;162;163;164;165;166;167;168;169;170;171;172;173;175;176;177;178;182;183;184;186;187;189;192;193;194;195;196;197;199;200;13
N198,,2;3;6;7;8;9;11;12;14;15;17;21;22;27;28;29;30;31;34;35;36;37;38;39;41;42;45;46;47;48;49;50;51;52;54;55;56;59;60;62;63;64;65;67;68;70;71;73;74;75;76;77;83;84;85;86;87;88;89;90;91;93;94;95;96;97;101;102;105;106;109;110;111;114;116;117;118;119;122;123;124;125;128;129;130;131;132;135;136;138;139;140;141;143;144;145;146;147;148;149;150;151;152;154;155;157;159;160;161;162;165;166;167;168;169;170;172;174;175;176;177;178;179;180;181;182;183;186;187;188;190;192;193;195;196;199;200;137
N199,,2;3;6;7;9;10;11;12;14;15;16;19;25;28;29;30;31;32;36;37;39;40;43;44;45;46;48;49;50;51;54;55;57;58;59;60;61;62;63;64;65;66;68;69;70;72;75;76;77;79;80;81;82;85;87;89;90;91;93;94;95;96;97;98;99;101;102;104;105;106;107;109;111;112;113;114;115;117;119;120;121;122;124;126;127;128;129;130;131;133;134;135;139;140;141;142;144;145;146;147;148;149;150;151;152;153;154;155;157;158;159;160;161;163;165;167;168;170;171;172;173;174;175;176;178;180;183;186;188;189;190;191;192;193;194;195;196;197;199;200;100
N200,,3;5;6;7;8;10;12;15;16;19;21;22;23;25;26;28;29;31;32;33;35;37;40;41;42;43;46;47;48;49;50;52;53;56;57;58;59;60;61;62;63;66;68;69;70;72;74;75;76;77;79;82;85;86;87;88;89;90;91;92;93;94;96;98;101;102;103;104;105;107;110;111;112;113;114;115;116;117;118;119;120;121;122;124;125;126;127;128;129;130;131;134;135;136;138;139;140;141;142;143;144;146;149;153;154;155;157;159;160;161;162;163;164;166;167;169;170;173;174;178;180;183;184;185;186;187;188;189;190;193;195;196;197;199;198
